"Type"	"PLOD2"	"TIMP1"	"HLA-DRA"	"FN1"	"ANXA1"	"HLA-DPB1"	"VIM"	"LGALS1"	"HMOX1"	"C1S"	"P4HA1"	"VEGFA"	"IGFBP3"	"CCND1"	"HPCAL1"	"LIPA"	"ARHGDIB"	"PFKP"	"GPNMB"	"PLIN2"	"RARRES2"	"MYOF"
"Normal"	10.3039941776448	10.9142161349733	10.8716880955499	13.2788632780774	14.4070227284871	13.0235267454129	16.9047710581616	16.045526489768	11.722676203806	12.5425940256926	12.1220457055412	10.039136895037	11.2756707145598	8.04965749248673	13.0882760902843	11.752871356186	15.1075214737505	12.8989176836151	13.808149634092	9.92163353770442	9.44546845286182	12.2869855366433
"Normal"	9.8466326929698	12.039329639482	11.7370828539332	13.9494958408213	14.8203043444546	14.6308389237039	17.088810119396	16.5306339222088	12.6249308103948	10.8831826684699	12.1108417397865	10.5452274893075	11.9359325538876	6.46110389838379	13.5600177977196	11.2802715306583	15.483118639217	11.605656466996	11.9947684147332	10.1588072321561	9.23757870924804	12.3975305976116
"Normal"	11.3813483578824	13.3236986949812	13.7800847465668	14.8663246340733	16.6635006717253	15.6515725553936	18.0746484473667	17.4978513230634	14.3165451586751	13.4006709176575	13.3664618142956	10.2353961801398	11.2478418040626	7.15314786821501	13.4072936702429	13.3951201114247	17.6324598833719	13.1152442073841	14.2049094430692	12.6302817508603	9.7608715816894	13.5899246495508
"Normal"	9.33536988729185	10.2421180742034	12.0613661083499	13.7530706873189	14.7146571684938	15.3197878845659	17.1623469590773	16.5023883388626	13.2577541904992	12.6879493989668	11.9973623669285	9.52875291441433	11.6509366739523	7.30862131852186	13.7191065106746	12.2219584794244	15.3579306470911	11.8593456258978	13.0583363302639	10.8384694917764	10.5668197139583	11.9567229472963
"Normal"	9.15296332967172	12.2448493908434	12.3309476826941	14.2305021734626	14.4688864506286	15.3734034678398	17.1748678252882	16.8166748566631	13.251584582188	12.0485299298765	12.0677093713243	10.6763199527064	11.9955850750339	7.86445501763232	14.258297170502	12.0569872734718	15.4806850143171	12.0068091966042	13.5335591533867	10.6143318910271	10.8133422582808	11.2224540678644
"Normal"	8.96890896613747	12.2922453548	12.2841056234911	13.6283278951741	15.4584528704815	15.8805942157492	17.5069387750243	16.787801129336	13.0643518076378	12.2523033222913	11.9919612044278	10.1290494636001	11.8483531028719	6.13641162971769	14.1167511379076	11.9716338362574	16.1458326868972	11.957735720109	13.3139252245722	9.62934278687934	10.6545453762051	12.4894289193342
"Normal"	10.2269485657263	14.4728944179689	13.5887453547484	13.8250953918518	16.1698356914569	16.5882516048865	18.4487197776314	17.7949774872793	13.5916369220436	12.01026979078	12.7544671869721	10.5652614338037	11.8320617595805	8.6618907992206	14.3925420992192	12.2012182413418	16.709203860642	12.4307277680285	13.1997794008006	10.6491389078868	11.2353510990414	12.9331911642762
"Normal"	9.97505970891017	12.4553689407897	11.6785444575377	15.7624073358036	15.6823760396495	14.5770371863908	17.7673270820654	17.0913920810328	13.4260024188906	11.9923414332298	12.2921559269604	10.3297325783519	12.0429726615366	7.47473805860257	13.0195616392348	12.0822353397015	16.1861756254895	12.9496796418683	13.4657317486568	10.2677565754796	10.2299164264089	12.7803026819434
"Normal"	8.50823825968882	11.9650663510076	11.9221356366993	13.3114254518018	14.4557512339616	13.8904762486719	16.795051467345	16.7398468393459	12.8655895515559	9.04563032676941	11.8916199913771	10.0985527500574	11.8667997894029	7.61204707541305	13.9846312966883	11.5615957015598	15.355927000992	10.8951619637926	12.5668336845607	9.98332062974411	10.0918771827381	11.632348223906
"Normal"	10.8971066801469	12.9762882362754	14.5852406642539	15.1999055934478	16.7146195830411	16.7775736528056	19.1141394295869	17.9555277046636	14.4264373171971	14.2250961610133	13.1100688137166	12.2595759427468	13.0802872684284	8.49285309585271	15.1297263282708	12.903998314393	17.3182498923844	14.2455539432193	14.3163386946911	12.6411600068189	11.6307312622492	13.9655699255102
"Normal"	10.2121182935395	11.4265493656498	13.5443609225945	14.806886356079	15.72246712038	15.4900343634046	18.2775933210389	17.5805374729061	13.7613056810341	13.0944359324934	12.6227179159405	11.1837448873686	12.3535342644242	7.89422659447463	14.7907114078259	12.5311913106649	16.448413948449	12.434753512619	14.7811549819127	10.5592850725979	11.2309653342413	12.0731223603519
"Normal"	9.91810775046574	10.7378501544366	11.1573317775877	14.5519734137114	15.1570611088342	14.8081161516414	17.5913985550974	16.8368259372632	11.1438137168626	13.2762006738224	11.4172084074495	8.85291166197304	11.4472113146666	7.44974827905724	13.0846555966322	11.3979538965687	15.5950818257271	13.0027294654734	14.2214872202265	9.61210742254316	10.3409407515476	12.4788984766658
"Normal"	10.8820919533083	13.2588495438341	13.7912123687735	14.7446667972212	16.6935697950682	16.0449180367022	19.1406288129764	18.2458395647452	14.6429517782325	13.9866775709448	13.6470405756859	12.02429419368	12.7451928387082	7.86225223126211	15.3480782133629	12.9976604540765	17.5782992946522	13.7002770493739	13.9995841323121	13.0537753476155	12.5652922139081	13.2668298597513
"Normal"	9.26959313387488	12.2325653648239	12.5377851243061	13.962881653021	15.8708655742513	15.8957529699683	18.364700548406	17.6047086976458	12.9879239953031	12.8334223974725	12.1583690000347	10.8089359985178	12.5848339868352	7.50682969755342	14.3022358041275	12.0786660722289	16.5360063361817	12.2407710205752	13.4016574918216	10.8028599861279	10.4625374319928	12.0847133106573
"Normal"	11.3304905276853	13.2464653689579	14.33305857394	15.0397456100391	16.9345666186611	14.9951139117562	19.3573121445712	18.3680966131419	14.4308551983419	14.7237009893704	13.6708238987382	12.110940575511	14.0125069948755	8.87119631166968	14.7163384575473	13.2729868913971	17.6997816183083	14.2699981591632	14.588227989215	11.8000235309985	11.9462664617847	13.9136374977585
"Normal"	11.1698297270822	11.0713365666669	12.3168608571442	13.6954525328579	15.4553857769081	14.0660390086125	18.1377503538573	17.3894807785156	6.9897701884654	12.831394302424	12.6375838013797	10.4311161923155	12.6365550631767	7.65669002506838	13.191632959918	11.8329764498513	15.4861071126595	13.1834972256208	13.5598362685303	10.4689142104035	10.4419044189116	12.3238591150041
"Normal"	10.6326046784188	13.1737135694222	12.9223834278881	14.835578881938	16.0530254114622	16.3377712665528	18.1248863951361	17.3220923375559	13.0923577091071	12.6990112102212	12.2979532180237	10.7789570421535	11.5641599219166	8.5626858890967	13.6643444839623	12.4698989596776	16.6925153644552	13.559952529756	13.0920219410518	10.1977515236397	11.185143265541	13.3174718457245
"Normal"	9.87548664593507	10.0861641657588	11.5442643557759	13.7863702017781	14.4358888441275	15.296204501953	17.2239619067446	16.3815752608116	9.9955207358734	12.2864074785477	11.4755875452111	9.28454817613386	11.6831345413021	7.0940494077975	12.3726999919969	10.9446450553813	15.2483372895498	12.5688771740634	14.9514830178473	9.35754101257164	10.250036669289	12.0329086351303
"Normal"	9.13451958076581	10.6740562373996	11.6306041737759	13.6988343696906	14.5799262630132	13.6952746139781	17.0076396473924	16.5265102761858	12.2551658171131	9.9764348023686	11.7791406918162	9.96243388493853	11.4757535807106	7.65725364762757	13.2501108355981	11.6592062228048	15.3602825360946	12.2151794923339	12.2547226507217	10.8699901669231	9.14871382592573	11.829639328923
"Normal"	10.0572757697072	10.1931455364038	11.6400821661091	13.7938401408971	14.4026082554376	15.0575084696301	16.7991025460538	15.9076601079074	7.10157239548747	12.8797216915927	11.5008662455432	9.12338227475534	11.6077088171671	6.26176242504021	12.1172902737243	11.2054368750705	15.0599952173219	12.7818009461569	14.0862372155656	9.4571936924504	8.92673640809491	12.4568387603131
"Normal"	9.53137697092767	12.4317803956183	12.3393823053398	13.4162145740394	14.7124650735889	15.6929736606385	17.3145653311712	17.0600004322472	12.8685566811815	11.3739175260748	11.8730257743014	10.2476461105462	11.1282543784908	7.08136928215039	13.6733396251833	11.5173263671336	15.6697382758103	11.4853466691994	12.8339492065312	9.85396832737088	10.2117706071012	11.8383674799562
"Normal"	9.36400799284124	12.6685630681686	12.7716851341199	13.4681185168034	16.3227493323564	15.6533615428848	18.4735675416467	17.1052629568452	11.4117147602274	12.666870577819	11.3643760216132	8.28659403656482	10.964591728745	6.10000829517999	12.3756924040766	12.8441282735358	17.3234607821391	11.9849580523009	14.7644634689087	10.120706116592	9.40091150262574	12.5345121994756
"Normal"	8.24378222320802	10.2496821699434	10.9932571907327	13.029569115508	14.1228146074204	14.8609534553213	16.6226556768711	16.1170515419486	12.085180807857	10.5955995537779	10.5038322206004	9.30918791141016	10.5815371542775	6.52578283816467	12.797060342436	10.8923528352633	14.9232867573685	10.8020647145447	13.1445960758931	10.6449582268305	9.0056131394023	11.0637761638009
"Normal"	10.8090226099061	11.3910030469566	11.3109028130611	14.1626143611804	14.4430693109295	13.875421085349	17.1628295442646	15.9555404205304	7.52500199341219	12.6160656781872	12.0364123759365	9.11288437251712	11.1567292977552	7.16889199929137	11.8985631401972	11.8990815024211	15.3610405730933	12.9846795705769	13.7216535593772	9.98832902442963	8.29491906858385	12.6699586789865
"Normal"	10.3831932102297	11.9439150498145	12.0886232763145	14.5705436874752	15.1127812545381	16.0628249418349	17.6885886910049	16.7453436272116	10.6992726221717	12.3840786799567	11.6265215426808	9.42153581085408	11.5356846143803	7.24008798480436	12.7703511760149	12.0305440886333	15.632440925479	12.7896928630644	14.5109546423078	10.0770695966332	9.7797398414954	12.2319565709357
"Normal"	8.96793513965106	12.1455596006969	10.4782156895944	13.4797287472786	13.7471458690768	15.1715546565637	16.6233752478311	16.3879569966423	12.2718727090979	10.371741158076	10.9311093846782	10.0683843594006	11.187633273182	7.38189175010738	12.8317662660961	11.2438811832618	15.2840723095718	11.6966951894978	12.8249218633703	10.6027302697394	9.67605941847744	11.0155719514419
"Normal"	8.19233923868991	11.5074877104549	11.479810084778	12.7633163593302	13.9458568672017	15.3366490501724	16.6203410724473	15.7557909205146	12.0802797537089	11.0311777800278	11.2632603005022	10.2269721930951	11.0335082406887	7.09047888404384	12.9263042741884	10.8759338355407	14.9990605326227	11.2352918227283	11.6652487290446	10.0196769283674	9.20633678806175	11.1847308448753
"Normal"	9.46777329784991	11.7053896255204	11.7889065305082	14.7567405571309	15.1520195073	14.8412717821017	17.792396952703	16.9775627727016	12.8019917217266	10.5222007153895	12.031496213384	10.8469481893739	11.8278446666124	7.82956036630519	13.6322793046044	11.9462018357562	15.560174570561	12.4359938774461	13.051577335532	10.2895432365987	10.3570043345473	12.813718804616
"Normal"	8.16221283906811	11.2442498218172	12.9021626784315	13.3398425046454	13.9070532203491	13.2809563495179	16.6055796247597	15.3694672338525	11.646347503318	10.4598777750063	10.6771153613051	9.23445980594927	10.2355863449488	5.90370781594616	12.4978978793194	10.7346240058014	14.8825226621815	11.7038075330869	11.5699611237142	8.63770046900335	8.70363591100856	11.2472386282264
"Normal"	7.98720723408666	10.1381689117663	12.07282217822	12.9497411716331	13.7844157156343	13.4481635652537	16.5480171535018	15.3866392607717	11.1869845771916	11.2900483960893	10.6880310539536	9.08247472638292	10.6761364900019	5.78806688778333	12.3881160503732	10.2009341384732	14.6190032289861	11.4733178725628	11.766297628804	8.64106900769434	9.61589802220559	10.8295962927101
"Normal"	8.22328184549687	10.9020786614887	12.653868333018	11.7854854479471	13.9362663093721	14.8444032217493	16.0145853310144	15.9914237999239	11.605061437233	10.7548672403934	11.0650555503841	9.93636857763072	10.6406901801302	4.11336907426481	12.6050455723564	10.6863979258261	15.1324048630767	10.7704169663423	11.7696400757763	9.30761746459684	9.66550348384055	9.89154362797704
"Normal"	8.68153191004104	11.7702105946987	13.62468600343	13.3969929660629	15.1097720524882	15.7377543992643	18.0952341591951	16.9485686301973	12.8895627612924	11.6821116786667	11.9838323745	10.4888921653672	11.8395601681359	6.53074935752415	14.1467749628356	11.4125192715104	15.9203299945928	11.6091658293075	12.8948433993263	10.3829640672433	10.9322114936857	10.8815020852748
"Normal"	10.1740226878925	12.713165518556	11.9178798096697	14.5099970713426	15.9627274104225	14.9355440918586	18.508454603701	17.5792021689082	13.6877522390393	13.3951728377229	11.9825169377112	11.2000572658517	12.791114846077	7.85756398800098	13.5665947639211	11.7834657159771	16.5944712884445	12.4614417671744	12.7891608633876	10.3344031146261	11.3882659509661	11.699562364102
"Normal"	8.96639956543977	12.7952628813212	12.022508517228	12.6346006443963	14.9708269205676	15.1974851803791	17.587687535833	17.4628894920004	12.9561939670012	11.3289226615702	11.8975847258114	10.7123176160577	11.9210425319413	6.68412058677421	13.9855889538824	11.4546531465838	15.9091674480163	11.2838837748141	12.4643448167639	10.5816127479264	12.0187625251924	10.9064422492576
"Normal"	8.92877825208888	12.474585083987	12.4109751406076	12.8130210001868	15.0377690642164	15.0211347398205	17.4767385417549	17.1127820056331	12.9696316651026	11.3039432474359	11.9285127024717	10.7695790744061	11.9777557563229	7.55284050984984	13.9335903333441	12.012148249074	15.7655749368646	11.9816914502794	13.3257115257594	10.524018572473	11.6493944097086	11.0424829172372
"Normal"	10.6932144241844	13.4423473721487	12.8393739495517	14.2899624958699	16.3747122888341	16.6335709966952	18.3802105610382	18.149552114891	14.3158930200295	12.2300170925097	12.5282116738374	11.6072869780515	12.2718477247307	6.70248488588705	14.438564592474	12.8481291228868	17.1543190306519	13.1961571979573	13.6188489328547	11.803397023256	11.8559486070123	13.6727760795436
"Normal"	9.88647466492193	10.7762426947182	10.9497612297139	14.0324976352404	15.2556095651054	14.9626790076188	17.6786742083513	17.0893009322813	11.9637412762001	13.4890766207134	11.8186963938983	9.5903663309559	12.6551968314133	6.9479103480098	13.3284731901067	11.9407008780854	15.5821622458779	11.9857610615833	13.7685934711298	10.3876622476272	10.1306064837233	12.1175736160372
"Normal"	8.40863650838033	11.8270213906388	11.3408486279595	16.4330888358002	16.4788830164047	12.5152462191262	18.983504384097	17.8340744116216	9.62856920100257	12.1220150751162	10.959865219967	8.56899636814915	11.9749400579737	8.14189516857175	11.7595898540249	10.1891497524869	14.7223911576828	13.2729035859094	12.7867220806801	9.40890811110099	9.74388830335786	12.9720181570496
"Normal"	11.424473893361	12.0531161770482	13.7140964775677	14.4487507606007	15.3753680020566	13.658929269638	17.2021229590493	17.0828368954868	9.02188973270516	13.1380447521986	12.9003947034012	10.4606407528863	12.1631968317964	7.80093957563996	12.6474006726993	12.2703959220758	15.6492453357776	13.0692716424976	12.3961694164317	10.721231170639	9.7145314122316	12.2336107914499
"Normal"	9.31008002561254	10.8555814385459	12.9853748909669	13.5592397302383	14.5771817999076	12.3821310653969	16.7035014518751	16.176771835812	11.8347842345592	11.517883799956	11.9817170995158	10.6204167399698	10.9553421637868	7.35613103544848	12.7872996323308	11.4178003537225	14.9918796495467	11.8273136897597	11.6975659431263	9.8301807279223	9.4082370123147	11.5611372476792
"Normal"	8.80638885410348	11.1341636226291	12.5840718393862	14.6581350261994	14.2343744164997	14.680265453447	16.4737605240974	16.2016001776418	11.975081240724	11.1596092865302	11.7401856791033	10.5385419789625	12.4073039178603	5.95576050289668	13.1325974577843	11.8072358721879	15.2260798525324	11.8561377835867	11.8563364492836	9.74229046677626	10.0735139029485	11.4837457376308
"Normal"	9.29220922275052	11.3503102092975	13.5895309452865	14.2364353164175	15.3217638226269	14.6224873898275	17.5426007696765	16.9851136677277	12.6701483850079	11.0901828740824	12.0499723600366	11.1130319023787	11.9173608209959	6.75736941524933	13.6569823949717	12.3755269219604	15.844785199425	12.2693639785159	12.8060282464936	10.5110822293789	10.8208115946671	12.6949799377189
"Normal"	9.33599149148722	12.3107639728659	12.2489278265474	12.9506310658274	14.9310821610132	16.4365888205867	17.1541480123816	16.7979958050825	13.4025841556339	12.3881843894816	12.0427996326532	10.761008817869	11.529900207336	5.9718419136496	14.3569440164633	11.7659142807362	15.7662427891219	11.3272900046	13.7334991380347	10.9069762800226	10.2088496958396	11.875460769184
"Normal"	10.6954968268161	11.6365563377397	11.652410418026	14.1778705307044	14.979395979084	15.6685918960924	17.7018740351482	16.5214560320589	13.0043603983613	12.3511926839646	12.1947228541573	10.0897743660524	11.822608066554	5.8343784074474	13.8331666471583	12.2829899579025	15.9433680135094	12.7182502480719	13.9911920167385	11.2286187084327	11.0482047756822	12.6375777251475
"Normal"	11.508217084538	13.3556623195227	12.4758358235789	14.1132155806349	16.1409488382827	15.6281183701511	18.4138067859631	17.5875786443975	10.3242152035455	13.7764523077406	13.4200646628809	9.76358093163108	12.2439059729467	7.07819796362718	14.0628711256941	12.9769040650643	16.5861365515671	14.2102798059476	13.5239772867653	10.0598860307382	11.814612218515	12.7832598576582
"Normal"	9.45733061058464	10.9495059709561	11.9252379805601	14.3477728028423	14.9224075356296	15.239762590594	17.3273222930471	16.3855347326244	13.1675264641804	13.0111277864609	11.8532654793694	10.7186882254296	11.7188948128655	6.28594811087573	13.571658744512	12.489805268247	15.7593345146344	12.2856367823429	13.0926151802145	10.3949351345077	10.9882571654177	11.9051549645143
"Normal"	8.99672911987155	11.86785006039	12.4313379513906	14.3880117137681	15.1998929059396	15.9503401127731	17.5476324352149	16.0869713295449	12.9518932178522	12.6228228789723	11.3258419514807	10.2870594815664	12.1639112644396	6.29835060142367	13.2817291946016	11.4015053117588	16.01892344439	12.8143358060863	12.6237583924149	9.36456966609672	10.942694189697	12.2342229829743
"Normal"	8.37872455994938	11.0989618296429	11.1866744699285	14.2088796646772	14.4267853657322	15.1237017726859	17.0002333908803	16.4883152211545	13.1634979685537	11.492593632012	12.273939445579	11.08771231347	12.0512825625653	7.13240604250865	13.3642306898877	12.037459008946	15.4668501998523	12.467323830924	12.8152521409708	10.8652056323066	10.2644042609982	12.3144976958516
"Normal"	8.10583818008986	12.9180354338517	13.2468839798544	13.2667813987804	14.799033101365	14.5250045695285	17.6000860117883	17.0129053516346	14.2903564323558	11.9249243501944	12.2209863775133	9.95691891091823	11.6377942406784	6.13084330964711	15.1228976850469	12.2932425665946	15.5856119789011	11.3173336545951	13.7851164905245	8.5648799061004	11.5043263201245	10.937253046714
"Normal"	8.28044074190678	12.1626764454555	13.2723662405586	13.7922036370593	15.373080233498	15.685583619311	17.749206372906	17.5772460216309	14.2564466521609	12.2364977962906	12.0556959500056	10.6240548743388	12.0596956251384	6.55550276475731	15.1291110188882	12.4822395646951	16.1323689005481	10.9492051420238	12.6206969358783	10.9320458224186	11.864505515425	11.1986766631963
"Normal"	9.15407082980402	11.8374925970367	12.8632069738569	14.032313398314	14.8668095667458	15.0891014306068	17.6998452915983	17.0000326804262	13.0628914110455	11.9477279835668	11.897274551406	10.1474717691133	11.4557254605357	6.42331521566277	13.9978254418209	12.2436638456021	15.6458858023183	12.5019554092105	13.1282492113933	10.0430843290718	11.3183232251807	12.585386982309
"Normal"	8.53824560974479	11.3149710051465	11.9843039142766	14.5722018578126	15.0285292418765	14.8673950591463	17.6014530722923	16.2861181850943	12.9339484943577	12.3177565168965	11.5435736210058	10.7122711124509	11.7050462608737	5.89647030935542	13.6360002228577	11.6044843761187	15.7998173872571	12.3443906243548	12.3092253472026	9.92263880517733	10.7135507408157	12.4553987405963
"Normal"	6.67247942082701	10.8589111911649	10.5640650528175	14.2942376356308	13.8801387420113	13.8604889750428	16.5185791606959	15.8789247145758	12.242469712555	10.1813656776414	11.302623339799	10.0461549182329	12.6451718384892	5.49930694585983	13.1761855602624	11.5798014646498	14.7317860129992	10.989266034561	11.7021142775069	8.67341075472248	9.7438649014306	11.0554538441437
"Normal"	9.43317434069302	11.7019859482894	11.9157033787889	14.7420554378153	15.6841246450242	15.7614510949059	18.3011646860492	17.1576018332684	13.0084211519878	12.373201561401	12.0165778807048	9.50310401745928	11.2871026019662	5.71203413465856	13.7354928012105	12.2489538002436	15.8919909493174	12.9648573071727	13.8809951966647	10.2719922336675	10.5805072434325	13.2063904507746
"Normal"	9.17127763171581	11.7115657564429	12.2035520287054	14.4067668059414	15.943716255436	14.6786990270402	18.6309626273332	17.142915359019	12.727938417946	12.2208718728464	11.9413816261929	10.375810007298	11.8102162255744	5.51132328617976	13.7593001450367	12.171561771101	16.9125733352543	12.6264960968866	13.3407373238078	10.6759945129829	10.7063236222008	13.0222052047962
"Normal"	8.09255997969227	11.5319620937549	12.3316273341948	14.4091251263949	15.6502992778361	15.7467224756885	18.3578897534166	16.6189071020582	12.984773328987	12.4844502504376	11.6742518323584	10.3208862156769	12.1349703552352	5.81503823042875	13.5237890778906	12.1696751362248	16.7073410876495	12.5450788664439	13.255120297701	9.20346707122762	10.4594698089794	12.5325059020501
"Normal"	9.26278876506801	12.4386086938029	11.5441821471853	14.599384233644	15.1655767685922	15.4004989378165	17.8084000581029	16.5144371993109	12.8768048993694	13.283361208486	11.5924279945054	9.07282581086693	12.2656109073381	5.76819717222991	13.7039354109341	12.6284497984494	15.8153953686403	12.9205536165231	14.1920174813476	10.5298366885633	10.8285199963846	12.7807154881656
"Normal"	8.32307616806031	10.6143600486398	10.9669523606633	14.5941292936789	15.0581978086438	15.1721991641192	17.5552256561125	16.5718705209378	12.6104974935575	12.4978964239088	11.6872141491589	9.8378981016934	11.8034112519854	5.37180447016717	13.480211412559	11.7355966994923	15.3067943633293	12.4874124911205	11.826971237472	10.7859914091937	10.6898983280462	11.8709098365141
"Normal"	13.2031780107187	15.8900869500802	10.9267986401084	15.8222066371495	16.9150461687918	14.3885149898417	17.0205991583428	16.0396266275624	12.926115520911	13.7180007470502	12.942874973468	11.3811769895651	12.776956277864	4.27974039615103	12.3852681020947	11.0445645750224	17.1294541828831	12.8731151645179	12.1349580799105	12.5545800663144	8.72757406738134	11.8278501440732
"Normal"	7.41369287155199	11.8295228785421	11.0415754752686	14.1549258048124	14.5829308197189	13.0572371291395	16.9541472110569	16.3225825778288	12.9280543574241	11.7795894235661	11.9106287200337	10.1345386728722	12.1677250136231	5.80109842471694	13.6635798256895	12.1649001751963	15.106170696692	12.120533571518	11.6894516123521	7.57695219201168	10.9090361655087	11.9104658962245
"Normal"	6.88501378438415	11.3244307013104	11.9596496974279	13.353509095045	13.9399788198609	15.2436469919881	16.7069242824719	16.0319640022405	12.3973488166531	11.3567274021995	11.2964274328502	9.61095180491627	11.204959703353	6.38059345929601	13.5929531364211	11.2542984462379	14.870372781385	11.9650409014854	12.081148494475	8.60562242662623	10.0992201520436	11.7343228286061
"Normal"	7.10540808837429	9.33608981494474	12.927756475459	13.813157323066	14.3865598138786	15.6686558186563	17.0839739655692	15.9964475035607	12.7620776402173	11.2085241932415	11.2984552096748	9.59650306627395	10.5390156257193	4.35518359822497	13.7484703109983	11.3359753922243	14.9865290911594	11.6394140483277	12.5486086416144	10.5375985591459	9.8965046046864	11.0672034305473
"Normal"	9.36689936254104	10.8309011401124	13.0899134874661	14.6677433222	15.0182294451531	15.2349505790217	17.6028930745678	16.801559423284	12.1192761230133	12.1533544048568	11.6902048549447	8.60351587374819	11.7496647187256	5.55177843860877	13.8141362213172	11.9421262621472	15.7717903462151	12.9689117031132	12.8495555487453	11.5122890317112	10.1819900483994	12.459753697646
"Normal"	9.94971703518948	11.7828377071351	13.2480002443649	14.4209731135594	15.3225194679789	14.8401750359536	17.5818052985008	17.036107646538	12.4527685795385	12.6880592336688	12.0358374145221	10.0190723284286	11.7182600620823	6.32389201703913	13.9958376574679	12.0088240274087	15.6905920974369	13.0935413297859	13.3805889238582	10.9914701203316	10.5621987414531	12.4028396123768
"Normal"	6.93909111074886	10.8178194150348	12.6271396944452	13.2936124081595	14.1294002934982	14.3684613790563	17.0231918130224	16.283352066323	12.2709140503977	10.4780913806322	11.2916547836107	9.61502364907801	10.9010354406387	5.28011839276672	13.6518787602773	11.2230068785158	15.2844289838755	12.0698694825638	11.9094206532532	9.85656271072964	9.99294496636274	11.5324912651414
"Normal"	7.76049430584914	11.1587541662035	13.182296838751	14.0944187658089	15.0854119894449	14.0251253029801	17.7064060765298	16.4800483205824	12.9241309088628	11.5404768601734	11.7721554476498	10.5129574487532	11.2339107820144	6.15221503939642	14.1445766726402	12.0158015870819	15.7537435544419	13.2610449727033	11.2603527000828	10.9701036859492	10.6838063976083	12.092441637442
"Normal"	9.75827309491281	10.1570480689506	13.7912552137362	14.11656809106	14.688578549187	14.1139327934421	17.3816469969997	16.4171903260146	11.5741787225371	12.9148740803845	11.4494117433575	8.69338294650852	11.4790775278871	5.87174149525195	13.7984230935816	11.6861338574739	15.3030328725317	13.3257887197085	13.8401457894343	9.40173640800419	9.93099488906103	12.1705359852307
"Normal"	10.6448644330874	12.8146009646474	14.1912279149708	14.8857452316634	15.9804598257364	15.9995946692601	18.3565348243265	17.0488847621787	12.6356077657887	12.4343011157651	12.319163915195	9.45175303683551	11.7447323666738	4.61757491961625	13.4583959327243	12.4290968251566	16.8990284176722	13.7516602704343	12.7304035628696	8.87236302696692	10.3083210574073	13.6669808617056
"Normal"	10.5990283376553	13.4166881157134	14.7838647918468	14.4957503773944	16.7636059025925	14.9405789522101	18.8077585390221	17.5331587884769	13.1161789028104	12.2020478224744	12.6197502772255	10.1205729184286	11.9121523774328	6.11008105533613	14.1383797843277	13.3181791650991	17.5429942976428	13.894218443265	15.1688304045876	10.2722831697846	12.5954874151495	14.1652597711352
"Normal"	8.22708832925574	12.772640076802	13.6516354645416	14.047686457729	15.128104576037	14.6733187622525	17.4788802335533	16.6371784342268	13.1346015444166	11.8744766546135	12.0701293567427	10.0568806393566	12.0550864974926	6.01139294337595	14.1895385770298	12.3231590204116	15.9215219847958	12.5322159439988	13.0847835325566	10.5340179214487	11.1716706340521	12.6509456857307
"Normal"	8.417159576556	11.382364494775	13.0369713440685	15.030847399457	15.1127528961728	14.7227402801956	17.621057567787	16.6985426199368	12.3714167646139	12.6506743375686	12.0157049528992	9.15475376773098	11.614248599464	6.51295300613885	13.8241162906775	12.1138124613488	15.593607898004	12.8707168178483	12.3176238677656	8.9773364898077	9.95260407111627	12.4519571214818
"Normal"	7.75656614464522	10.5296960857207	13.1410542550726	14.9845988831659	14.702992053834	15.2857674914254	17.6575861460427	16.6700512625742	12.676372036673	12.5043013887305	11.9753387706318	9.60021214674755	12.1897061194201	5.616828636493	14.0943625703848	11.8847671314092	15.63291674496	12.6012586027419	13.1052177641086	9.11210053439018	10.6273841296707	12.1174797360557
"Normal"	10.124796967309	13.2853874076032	12.6804624829376	16.1012364284163	16.2778959794845	15.5544995411965	18.6380995106722	17.5665537098223	12.7126928691053	12.0450124552395	11.7456809288204	11.0580805080174	12.6606285553458	6.39886975724918	13.2766647856917	11.8763516348183	16.3879979576945	14.5605140906089	12.5456625725359	11.7469076333665	9.77189755747711	13.1238341384037
"Normal"	7.57046966234518	11.4472158478892	13.0691017971648	14.4265322688	15.0495412154884	13.8991031089074	17.5840430506062	16.1863159305996	12.7162206542215	12.5034693503141	11.4119819186688	9.52937909921373	11.4666450678015	4.84851929189045	13.6417805815766	11.9460298359215	15.9033003591622	12.1275623085287	13.2929803888459	7.97228084226395	10.560411297461	12.5162420940206
"Normal"	10.9599214859908	12.7653468220591	14.5664605389175	14.8813351922158	16.8982318997483	16.3835003597123	19.021706473998	17.6218818112692	12.3378707759584	12.9131110605519	12.575663587731	10.109845773784	11.6434113424355	5.76115163896751	13.8777466936494	12.603181479571	17.5834455203323	14.31293711696	14.1332326848886	11.2609051915979	11.0424765346144	13.4262469688409
"Normal"	8.0975174810505	11.2080904500211	12.5529535974331	14.2621187074783	15.1019073313517	14.0153108753482	17.3352813410957	16.5018204831746	12.7898179902074	11.5561859053791	11.8092965536687	10.6896554552061	10.810311935765	5.71375026384938	13.8116502004745	11.3739263526586	15.7920275582503	12.5630259643703	11.96487431488	9.59205973245577	10.003848309602	12.4615045641931
"Normal"	9.06107786141691	12.7621773672837	13.7133634747317	13.8405420757433	15.1644828038955	15.4752991019944	17.7825897591608	16.7174570425843	13.1169880356624	12.9691881729764	11.6373885752736	10.6998888747573	11.7036614428771	6.15037805166313	13.7521890731204	11.7674657238527	16.0360994117486	12.793598286488	12.6457985680665	8.8141268674832	9.96486976054661	12.4918649842974
"Normal"	9.70093109451028	11.7155191778723	12.9819074959855	14.9708510407887	16.072608883136	16.8026736716862	18.7398726598825	17.2939160510707	12.2575508509228	13.3372741600342	12.1070316980157	10.0137000820326	11.5778426404267	6.61769470922313	13.5547573602404	12.3874126388005	17.1353658060806	13.3861279005034	13.2534123269226	8.74516992355113	10.06822060793	13.1595337953837
"Normal"	9.64546888614432	12.954625663912	13.2826433485558	15.2138208344337	15.9608339766439	14.1370117851625	18.2710519967971	17.1804859505864	13.2499875291523	13.4703570555046	12.1759752332204	10.72435151597	11.8739862501685	5.83649326856829	13.9325774480637	12.3015018552413	16.8471576252403	13.1540614330304	13.0331309323197	10.2785944548953	11.3269724223076	13.5529886543956
"Normal"	7.83409848259145	11.5922690375921	12.315690892231	13.892754385651	14.2573393936318	13.3568904006148	16.9654690252846	16.2065753008801	13.0298804917677	11.7034594263726	11.5617693509084	10.0841537762056	11.8544914895152	5.78859653293359	13.6641065163813	11.6129397866462	15.2009147390691	12.0642957735336	11.9797931859998	9.36056273021535	10.1371184598481	11.8169139838469
"Normal"	8.02451188779004	11.9027608256491	12.5209870398678	13.9763018736676	15.3034814881837	15.702714265913	17.7347579159373	16.9804509720175	13.4962295960159	11.6480694104538	12.0723872096241	10.5858868682715	11.3790837343386	10.500502191884	14.2388474719896	11.5492974335676	15.8594984370444	12.339954483641	12.6476402508351	9.4905107056359	11.3212808913288	12.4749715409235
"Tumor"	13.5065208690466	13.3207202287401	13.9133355428017	15.9364712651536	16.6661178241483	16.967922480103	19.0262568466301	17.5847932607157	13.7100041523768	12.6916679115066	14.2597317221795	12.1978396403488	12.7486392602626	9.49101512899057	15.2375467285212	14.4652079789807	17.3574370102558	15.572589421126	16.1448991670131	16.8616792839569	9.02006534800486	13.3461631319528
"Tumor"	16.2373804863275	13.0129086089266	13.6287262316996	13.8098750055636	17.0322119676445	16.6743754116902	20.1588856190436	18.3618172406697	12.8106548278834	12.194057825473	14.4700915450773	12.286756821807	13.6590924266697	8.21507983834584	14.2319328650899	13.4684923088033	17.076006633015	16.3370712144481	14.097460137953	12.9795342876989	8.11853616086003	15.3288184480579
"Tumor"	11.0655094439761	15.46636079653	10.4103010399039	17.6400938129885	14.1340420709709	13.1885895086358	16.3072311261144	16.2937003005984	10.5289332555231	13.5592390641442	11.6614710114254	11.8006847598926	14.1424172135399	10.0106304670827	12.4173952309124	11.2359936102727	14.8844379000142	14.0551072136166	13.3947304529759	10.2309802339215	8.78123165952824	11.2868326881909
"Tumor"	12.5612351798475	10.4009649430093	13.5411482878724	12.8819816313987	16.0736472684908	16.4538578692026	18.6118398505727	17.6711878838417	13.5239711173133	11.6869834851601	13.2529568193378	12.2352828288819	13.1449860728544	8.38908706386582	15.4484648127009	12.423264080189	16.6243244100208	17.0853484977945	13.5492513828811	16.4437879783677	9.07545737113997	13.4579627661209
"Tumor"	10.7196245528866	10.1560550734695	12.7880147434551	14.8776032023739	16.4489948359201	15.5534501301404	18.5016237990439	17.0326937211118	13.8118969175543	12.5328894957686	12.3885220220337	10.7900495357834	11.7801553677454	7.05274182959879	13.2136989701154	13.3263767508843	16.5557026755907	15.4170784466655	14.8431516972537	15.1079092919468	9.50815180688728	12.5775756117699
"Tumor"	17.0687531271424	15.1215102363292	12.136679366535	19.0958729850318	15.4468212330469	15.3990798473164	18.9056266926321	18.7377998215616	11.1558421707607	14.0835962237802	14.165514455029	14.230566455655	18.5341758288428	8.65730970377642	14.6016432568188	11.8921259130541	16.0705474707509	15.7325265421313	16.2993805782838	12.4926351558363	8.50681389462141	13.1554479080791
"Tumor"	13.8020631595231	11.8421399257939	11.9839598645001	14.0364409017812	16.3998208437	16.3426469884242	19.0717316470513	17.7149289987005	13.641407024282	12.8868030630463	13.1832040589416	13.4653435126338	12.6671932312366	8.11314572236946	13.8841866362244	13.0674244696877	16.8213378093121	16.5755124308964	16.1521973461952	16.4084297960562	8.6479989875289	13.4774173560454
"Tumor"	11.0355981888682	14.0528355016324	12.8291106270032	17.4611941496893	16.656189714013	15.0107847371392	18.5045734680845	17.9310080344274	15.0358872160361	13.1126019959306	12.4143059297262	10.5714979277202	12.7936035415059	8.95178471270207	12.2693787738139	13.0514309912103	17.0408132069797	13.636780300963	14.8096480193602	10.8722614574775	10.4295640446351	13.1911207110245
"Tumor"	11.9022439374473	10.9241629985968	10.8207275815929	14.6387235368527	16.8690198849954	13.3398090717246	18.2069194923671	17.2829763332889	10.5196492788179	12.7334144699338	13.3095466317873	11.9930548595265	14.1631004596774	9.56669615041203	14.8377692319361	11.8106377244011	16.8317338483542	17.2875920506607	15.8066591811913	11.5255853789458	8.98210556990302	13.2080192648939
"Tumor"	11.7213092281745	11.1947271239913	12.3309160882408	14.6353673108238	16.0522545447489	15.5669706566459	17.9651774184745	16.9093314049621	11.9650995164494	12.5891215786546	12.14430160543	12.9398563767107	13.0528844955582	11.7116312416592	14.4449076880913	13.089761413405	16.3995055246278	15.4848397906105	15.3714238311515	14.7442547064471	9.02427655768991	12.3716183343424
"Tumor"	14.085703090696	12.9458279689861	14.50518036245	16.0669543317824	17.8761523317746	17.1381230174742	20.1540521613999	18.6256934042025	13.8646975590239	13.4576094193526	15.09692417693	12.839193072984	13.9160814670906	9.60202351076065	16.1233921415531	13.6733761573331	18.0807314789673	17.4810535042985	15.3782538777387	17.6391280549347	10.8003473662484	14.1262666120193
"Tumor"	14.3555470213144	12.5922049064574	13.914468745304	16.2425875312638	17.4753036306254	16.8722997463405	19.7990688950985	18.4543655703127	14.0103653972714	13.6255361694586	13.6010169163301	12.1488501412815	13.69064208985	11.4392143184612	14.5451635234223	13.541905737778	17.9331282350949	16.5815010081329	16.2403005750913	15.6645996895904	10.4569805056297	14.4704950031988
"Tumor"	13.6289498063526	12.1304278627226	13.2389445504313	14.8207206399193	17.1107261429073	16.2349918325892	20.1812850727248	18.2061113997466	14.5925212416051	11.3126299695435	15.2213611406782	12.7989662816173	12.9130462381413	10.7290667741636	16.0799711885086	13.3222105481038	17.6246577239424	17.2895575492718	13.7434500642744	17.103935843155	10.1041541871646	13.2343803802798
"Tumor"	12.9735937876098	10.4707801985273	13.6842965886953	14.3958461428672	15.757306013943	16.8457168216599	19.342753862742	17.6862388065597	13.6923600379689	11.8449830335771	14.1257275025515	12.4031501391759	12.5976685940509	6.19626883099196	15.3185275837497	13.1236428716419	17.1669772565341	16.6769089429927	14.7783524729255	16.3240448376723	8.68498039849186	12.6907962279324
"Tumor"	15.3635269864554	15.7046147545677	12.1475799592322	16.0502752488765	17.1959451091801	12.8731975483348	17.7532207787381	19.6255003985084	11.623644893159	16.5783578140654	14.7852938551224	13.6431621359647	18.3456942163835	9.31631229800218	13.0162083574089	13.4447836387172	18.1584404481372	14.3419771269006	15.6545714476224	15.4730138348425	14.6619004338037	12.4960180227621
"Tumor"	12.071887920439	11.0686633733034	10.8144745413648	14.9411187058006	15.6778123155922	13.7240922754316	18.1268733587556	16.588068761149	12.9189800893936	12.3588039723576	13.0586865371989	11.7266804271763	13.3251107847712	5.82206407516417	13.4801688930413	12.1446174198103	15.6830247530025	16.0219281731216	13.5425628788385	15.8415231757391	8.77258643685392	11.9511990904465
"Tumor"	13.6170937313434	14.7142044837816	10.8762004744529	11.9389942204738	17.0234849766009	14.4132487940198	15.2784034678867	17.2611140437885	9.94368621671266	13.7202465733006	12.8094696227104	11.0117366140177	13.8671249642324	8.56126504142167	13.9233185543789	10.6267651187468	16.9449866128624	13.5978849666487	13.4368712318255	12.2115160784767	10.0388092658593	11.3141385674841
"Tumor"	11.0191971440957	10.2242785499755	11.666309294508	14.5334480891555	15.6002526942442	15.2924193671815	17.4197511079069	16.255671847352	11.5521532521358	10.9533919948725	11.5473606117768	10.0682554856808	11.381268203847	9.51077199397809	13.1725957793868	11.1650445336767	15.4254211139864	15.3782707322947	13.3055829222689	13.3540518161432	8.07599724624879	11.2270053159404
"Tumor"	12.4952888374758	11.0232165069131	12.4087548117507	14.1622993515791	16.239583347283	14.418290029023	18.8943881080286	17.0681442936538	12.444900587365	11.5120371380368	11.9684172494324	11.8265421993218	12.8074393300523	9.18312947999978	13.7007593306358	11.812262968877	16.817332227865	16.5786054257824	11.9678282554653	15.0349923744493	8.33249851861453	12.2446148429792
"Tumor"	11.5015421986683	10.5233148039468	12.6676030825746	14.0618321700681	15.8762510107793	16.2065177074992	18.7465833013648	16.9624075127954	12.3353520620016	11.6530566154163	13.2749495570187	10.868541418015	12.716194814448	9.8708629230457	13.0515998580929	12.486521241175	15.799016947614	16.7625507670216	13.8242739417176	16.9128215421403	7.64098086244501	13.9192511043196
"Tumor"	17.0032155496354	15.1081760579328	14.7057694244948	12.963712864542	17.1215642942752	18.0361187231943	19.1907781695926	17.5914826775121	12.9215585595064	12.0997271576511	14.8375419917771	13.2270143230504	13.2550698916074	10.2673155489773	15.889646186738	12.9277425156047	16.2200493583053	14.9699627470341	14.2953654893601	14.1458071677382	8.94832463159906	13.2562480312804
"Tumor"	12.4731185310783	12.2316523549869	12.7746502228933	15.9732361326194	15.9782275909613	15.176086775691	19.4169221533677	17.6717761991751	12.4442258828978	12.4256311687319	12.5839085599236	12.0181663705751	13.0125405214085	9.21728314586169	13.5674685782373	12.5878869274113	16.7182649448178	15.5371207398808	14.1472427382935	14.2584649552338	9.20768282373635	14.0802074541728
"Tumor"	10.5901486245811	10.3263597250266	11.3454524421576	15.3497412223136	15.2892478543811	15.2619371468293	18.0205609053824	16.6199367428596	11.728178021321	11.7389273229233	12.164187680943	10.4997338915471	12.0312071212113	10.0170185389184	12.4565601009737	11.7186722567204	15.4789519405111	15.4413420326731	12.290872696473	14.1239624692339	8.28793812470262	12.3962215027143
"Tumor"	10.7942445648719	10.7944665025802	11.4361951099904	14.3624740452969	16.5067652077979	13.9983564738046	18.2373345288017	16.6930431799543	12.33360685505	11.1801668438381	12.5570657436104	10.479990851907	11.5890832981925	9.80873377865939	13.3247072946492	11.4481887261494	16.1532029405643	16.2571729220056	11.4414578417786	15.6367668892052	8.18827064561316	12.1108331454524
"Tumor"	14.8702069938697	11.2767837344223	10.6165830344536	13.6062182069592	14.3729315213216	15.7188248253092	18.6866860249998	17.9071747178414	13.9068062500615	9.36933297629473	12.8760379494533	10.0906309160853	13.0219257153245	10.3452331639206	14.6080417737734	12.253950621462	15.5807616262704	17.5180375161245	16.5460115241955	15.8107554624129	8.18992805899075	12.9510486098783
"Tumor"	12.2625835558893	10.9850105619274	10.824248177279	15.1957776493976	15.3170495439452	15.5758201447161	18.4153811435079	16.734154468488	11.9886962168864	9.30546619202758	12.8584838435249	11.7039161002607	11.9840707903371	7.63456040753891	13.2897248089138	11.4618286302313	16.040567794571	16.3111738725056	11.6011238441836	15.744910409481	8.2592774162271	12.5586160464914
"Tumor"	11.6529500490346	9.87108529972869	10.7010519234341	13.9289880336285	14.8346712303522	14.5942219711101	17.411982741159	15.029534128408	12.179594415281	10.5993229021891	11.5486953517002	11.569161638412	12.916319638762	11.0093317796322	12.0499847627757	11.2003654127024	15.2085405235238	14.3469283326268	11.941552280861	13.9769656423075	6.93937111295318	12.1388324157221
"Tumor"	13.0665523400697	11.1147813867813	12.7436935445202	14.0717972053642	17.0373951251618	15.794321976082	19.3886364450188	17.8292126700809	12.9234035561148	11.5288357260533	14.1956544420762	10.9900217710507	12.7123242827439	8.81332004743232	14.1926181181746	12.8807804267749	16.828844946194	17.1280180583852	13.88867467923	15.2687753891573	9.54437395121833	13.4766835455086
"Tumor"	15.2786959286722	12.4312867554909	13.367622029302	15.7254735862807	16.5465059241134	14.0838613032195	18.6342073048086	17.6006621886462	12.9652204037771	12.3148485304799	12.9313434881975	12.1894960416316	12.5803203898572	9.40471862031796	14.6956906004761	12.1313248777762	16.4199135887715	16.6543591412643	13.5748051031257	15.7397397434317	9.92630782817984	13.1670124380165
"Tumor"	14.6175313363871	13.0957580943843	14.8238765756209	15.8627072033145	15.9945991488076	15.9086859359032	18.9516731144314	17.1573463430641	12.9937522071382	13.1470245349659	13.2670647760443	11.0870002746254	12.7890255971377	9.13767635070755	14.5380274696785	12.4648881120803	16.4254455966162	16.8433095895964	14.3022076206074	12.3958116424727	8.82540657678599	13.6691826272259
"Tumor"	13.0137068487597	11.8227320789191	14.0197249726215	15.0233607973077	15.2943358607729	16.4188212400085	18.1134622285687	17.4523153685124	11.9675220927323	9.77808536547387	13.4537805372559	12.5072597294283	13.1542995411866	7.29172792097108	14.2000540237168	11.9847256735093	16.594108755586	16.2562163430612	13.491190057825	14.5340187433298	8.89050474254434	11.9866273570257
"Tumor"	11.6117552199321	9.50307925523667	12.0484744173432	12.6547111937534	14.4743956269286	14.7513161679264	17.2697258790452	15.3912787219073	11.5712465632007	10.4491030420442	12.2163860085961	9.35758822181149	10.3676865019236	10.3750762166385	12.9933619363922	10.7726492293133	14.4312663614837	15.0127264049553	16.332187581025	14.733428754949	7.08279216332009	11.0063889506538
"Tumor"	17.6103115684382	14.4021599078374	13.4599081331378	17.6663250563347	16.912133036779	16.6429233433828	20.682712694962	20.0583441735615	12.0979743272838	12.9844107865855	15.0202053830576	13.6821812786719	15.7082713766348	11.0666671033855	15.3543716090146	12.6235102230734	16.4369989612048	16.6317382624696	14.6817974683251	12.9299047473591	10.3152918697628	14.3606995110399
"Tumor"	14.1058268160903	12.0151212306848	13.4235772138869	13.5202972807491	16.9276940748722	16.0381612033597	19.8430499465368	18.3971522445187	13.878173803647	11.1348972752905	14.8340372908254	12.317947793966	14.4352377976411	8.87158208832542	16.3119771610386	13.3351752376657	16.8425497381625	17.4420128184482	12.7369747243713	16.4812491619696	10.5520894436141	14.2806876770719
"Tumor"	14.630985239786	13.7618488987337	12.2726553129701	16.3453194174959	16.9987734957465	15.5745433994844	19.4993800541498	18.5576193121508	13.1301537350331	13.8036064791972	13.7239113775975	12.8818676060654	14.7534358092301	12.2013724513121	14.0422330144225	12.300671841281	16.2442686211167	16.704314362611	14.5960970499532	12.5669891608353	10.5334466270406	13.1838796694056
"Tumor"	15.8029727380188	13.0263534245026	10.3575808013543	14.2383016662044	16.682616537164	14.702841661277	19.6423714562088	19.1883144132294	13.8676283853232	12.4227267464125	16.3245389406239	12.4894775021002	14.0992234154672	10.7661067052442	14.9026855256618	12.7590559785456	15.3025879191882	16.2893849186074	15.5994545347127	14.5274790186251	8.1918796003028	13.4256984414693
"Tumor"	13.1380473275918	11.0458369219591	12.2998637017188	14.1323666174915	15.5019100779629	15.5880888640047	19.6630209088649	18.5309480474198	14.5391681084328	12.2400016845427	14.4177379339117	11.9004194714108	13.5271805549749	10.8598601574117	15.4075879383976	13.016382413195	17.130543133622	17.2046045931566	12.254981458712	18.1179583833692	9.12250113823748	14.4405495686151
"Tumor"	12.7609373108847	11.3347296323955	14.9905069088463	14.9632266129747	17.160841482262	16.1242338645601	19.0835772715647	17.5450962922496	13.7877797403194	10.6503578678185	14.1523300789971	13.5885607841566	14.4951973142329	11.4902771612437	15.6878244514575	13.5177601980882	17.1849527990964	17.1350245440475	13.3852984816419	14.5261154787414	9.5059143518585	13.5018020355173
"Tumor"	13.0399772962799	10.9276134089913	14.705037956777	15.9702163815809	16.0318038816605	14.9374665926592	19.3807590597067	18.2366095428404	14.1387718461108	12.1596542046393	14.6447791140483	13.3805172112793	12.259726971174	11.3592329985271	15.8702351950739	13.5669923312386	17.324130344855	17.5365973201074	12.9891266121198	17.3196655605055	10.1723121520349	13.3164436920365
"Tumor"	14.1688944676048	12.0131934153067	14.775411609987	15.8868524572115	16.5957924083269	14.6849207444097	19.5988889181192	18.1931566999824	13.2474120530711	12.8615307362771	14.4533428736129	11.2393649425629	13.4967271114736	9.46542308924125	13.7537648618977	13.1702821536326	16.73214807103	16.5789697363806	14.4712805673772	15.4227597424157	8.94881925534094	13.8180638765914
"Tumor"	11.5674255312349	11.4305346424363	14.1446528564007	16.8875050162241	16.4733578995267	15.7119948335454	18.4148470403964	18.1264882006985	13.1012537176026	12.6635978889655	12.8296998902737	14.0992379900682	13.9657766208768	10.2271802229531	13.7110459430523	13.2375486924941	16.3466722061653	16.10023917729	14.5148400665	16.16994737179	9.90631507496004	13.3879687792432
"Tumor"	12.1323899069955	10.5069480484305	13.6443792916292	15.621413270122	15.865355494115	14.5989699307877	17.3106518408212	17.351260675315	12.4723519398776	12.1951914044912	12.6921513716166	10.7607843356959	12.6789680320304	9.14309935040318	12.8831458733883	13.0407757015668	15.6077249387232	15.6086883138668	13.4072853303849	15.2506103254568	9.35420418359943	12.7365346085316
"Tumor"	14.5907217633089	12.9101307308599	12.8297468603604	15.6623550218192	18.2068983189683	15.857446388474	19.0106373284713	18.0731806531866	13.3085872032578	12.408353509607	15.2514294948255	10.5713833944556	11.7976191280861	9.68028623879387	13.814233756667	13.6268997522068	17.236469822106	15.1432575601685	16.7956188413371	14.9781580018743	9.15852533770315	14.8787086106896
"Tumor"	16.2854142136535	13.6633776683078	13.3031697982383	16.2881202547747	16.3840443195073	17.0653194963922	20.3279492763907	18.2808046108246	12.9210795160806	13.7721059803739	14.8781723765755	13.1193659292381	13.9966241515619	11.4615505199881	14.6310260126482	13.6475818512199	17.5464873808532	15.6956571765282	15.1411523607388	14.6484893373588	10.2356920749185	14.4906236402575
"Tumor"	15.1279688918706	11.9579161752525	12.3218018050151	14.0035514330007	16.8339505286779	15.3439288707463	19.553703590457	17.5623885208028	13.0236882048267	11.826209056717	14.7044416895981	12.4096794484557	13.7208027939889	8.14420140221415	15.5207740189037	13.3941968126232	16.3129489817692	16.8420298442964	14.0229551832741	16.9735801320667	10.3861701351813	14.3687609408541
"Tumor"	15.3273563706638	12.9952067941954	12.9627242981966	15.6331055090063	17.235026487156	16.0238467448736	20.4154625940158	19.3753057360401	13.3775117472389	13.6335977479966	14.2835783499467	13.3761781124127	13.8092173761201	9.67256113809663	14.9621669859823	13.4243891342453	17.4984571012749	16.6047010794928	13.6274268308357	14.9214121457959	11.2033800455043	14.1533558980355
"Tumor"	15.3758933926369	13.1143678761941	11.388684847244	12.8278346188627	18.3896224582406	15.2909256140125	18.6223210189502	18.5979413016203	12.0181193231766	14.8005368603839	14.5038190979768	12.1752578509295	13.8501597059851	10.5143533951176	13.8361919187657	12.8163440622099	18.3513437096337	15.9646284345604	17.1367222861959	15.4330668686386	10.1430101914873	13.8137514592368
"Tumor"	13.7475220762663	11.2447272675906	13.3946758144023	15.2846453865288	15.29115707026	16.3784393542489	19.1845553784549	17.9090605558056	14.7679630796901	12.8267832023258	14.3174949269373	12.8817196355164	13.2031170744395	6.41269674169345	15.1992239754374	12.928138247327	17.3810084384494	17.3713519216429	13.4516902355462	17.1576468236653	10.2697429936554	13.6135629823107
"Tumor"	14.6160561747346	16.0852193795107	11.9285492822691	16.7344044688895	17.2521110196094	13.0179963515055	16.3980296931515	17.1776706086543	11.495607832721	14.8881204533835	14.1249326553333	12.2716045697077	15.4130523547134	12.8411613299419	13.837570085077	12.1885649452397	17.5203170630396	14.123332708414	15.2045018807633	13.2727922847998	11.7959802288092	11.9795822395122
"Tumor"	12.8618937970738	11.062857328985	14.2313578815159	14.4667385653556	16.2117043387636	16.8399732572181	20.5864156117198	18.8844030241298	14.7024005514	12.3772233164927	14.6995288323015	13.0357037090448	12.8939947446154	11.7995713367326	15.8512464977465	14.531071113273	17.8278611451177	17.7005621907575	14.5599258971401	17.3678385550389	11.2845333801867	12.4426022572223
"Tumor"	13.7922088218942	13.1976053811489	14.0563961376608	15.7940573162244	16.5511276704326	16.7278220797219	19.203865941593	18.1660580419525	13.9362280691529	12.5192342976383	14.9034806483278	11.9367932301045	14.3156661391202	4.87661416984569	16.753116357112	13.5879775582337	17.3322282175676	17.7124196123544	13.9534032100098	15.4094763281247	12.0248375250854	15.0087556319847
"Tumor"	9.05170882011546	15.215457969312	6.93460599892589	16.088373475588	12.1126065928853	10.5203244736208	10.3464681653125	11.9073403956142	6.18284576593826	13.5032879512061	10.0499167793917	12.7136997697991	14.7989493363457	6.94918457668486	8.76967077833077	8.94213932181527	11.1420008254109	11.6710073107634	11.1100025360113	9.32250526237796	7.25328806427435	8.72468206528143
"Tumor"	12.1673956569321	12.2554608497236	11.6996358995275	16.6230552581039	16.8240494205336	15.4600381370386	18.8464311738338	17.697759507491	13.0836630808306	12.7421945364332	12.518919912464	10.2349926805793	13.1637795155838	10.654190087539	13.4208576974028	12.1775154697377	16.7877758031044	15.0310504294321	13.2021597325184	12.7655145103949	10.3697110668622	13.8538788026615
"Tumor"	12.1778237383823	11.2558635726046	12.0882333678468	15.633743400946	15.633108003796	16.1771111920451	19.5792212268575	17.7704948923133	13.5389186187549	12.2602466786929	13.1333307826727	13.6712884060083	13.6482136640855	11.7470707937083	15.6976209213892	13.2689838037011	17.114108413504	16.6149969191834	13.5300618102175	16.5082765508497	10.2913647454997	14.1712403328171
"Tumor"	13.569201564288	11.7693988747711	13.4238656467002	14.4183325874223	16.7529685790217	15.0298739990643	20.1498675423328	19.1387265180626	13.9434118995468	12.2647312738099	14.1428062098336	13.5208785642705	14.776940686996	9.51189006397755	17.0543055809693	13.1370088178789	17.5503813373377	18.3674223156947	14.6976189541936	18.3810474113817	11.28513947139	14.5229090446958
"Tumor"	13.0906799187651	12.0308052224327	12.7345360036742	15.1170428513271	17.0423472671094	16.0719387127384	19.5770694546506	18.6628596999041	12.5503767276298	12.3224031074403	13.5926226012961	12.9275982529734	13.4021999608654	11.8326237541369	15.227591992434	12.8633917435771	17.3082420137475	16.9106833248192	15.4474721208576	16.1698861384383	10.2823372295983	13.9881023972368
"Tumor"	12.0789657419613	10.6318149251095	13.7308998451932	15.0804569616298	17.1234383768749	17.3061818246712	19.2496488916857	17.5504418674941	13.4614922175646	12.2981332036967	14.3790907002172	12.4951190648134	13.5492830395038	10.3362277518876	14.9072832098069	13.8609936886696	17.3886579586538	17.0325596661778	13.6181305996125	15.8731510682667	10.3512090237775	13.0572670445768
"Tumor"	13.1352243290106	10.5444565553167	11.8792981436633	15.2859036015089	16.6862185515665	16.3629728046646	18.435633768204	17.2340649233109	14.4880812422669	13.1053504310122	14.1921149178558	12.0675080683789	13.3082618574515	5.26650341660958	14.9551924850638	13.7675078422771	16.1265658300581	16.8899896099046	15.2089381147692	16.714014804708	9.29217664039328	12.1649701457241
"Tumor"	15.095997653043	15.0320349282319	10.7125109919811	13.3825807950094	18.0420977851136	14.1471731323164	15.948330719326	17.3246288390061	9.91954392577565	11.9075597657813	13.9893661330402	12.2420488350367	13.1413787707902	11.3371174883288	13.7836911225625	10.1469522681624	17.0309643171642	14.5829797570125	13.401958685462	11.3528234173477	7.39007458556957	10.7678681074196
"Tumor"	13.3108388204312	13.256187168929	12.0864709959326	16.019815475228	16.663008175662	13.7133868740751	19.321561616709	17.8190627773972	11.752667771643	12.6521793767485	13.9776202720244	11.9620462950195	14.1398549949224	9.18497872241428	14.0092148315608	11.9600251091199	16.0532736620088	16.9045484027282	15.6813160400188	11.4035615069874	9.79866145207261	14.405684458469
"Tumor"	12.0303605446159	7.84616476429433	11.4093398434692	14.4921916361897	16.3977909891671	15.0602444825895	18.3287996776032	16.7967839566077	13.6707309827609	12.0275390439343	12.699491358285	10.6693681895516	11.1598515699872	8.90618447225503	13.8099114860241	11.6028103155945	16.0628039662513	16.3123852495916	13.6984394926268	14.6759893368771	8.40536071015935	12.270696317876
"Tumor"	11.5514666927899	10.4771191014042	12.3355207269855	15.1446834814519	14.5787660928118	15.0980479717624	18.1113008736402	15.7992718410312	12.7367848664223	12.2582504414603	12.7221635435235	9.86624789889794	11.7830881032064	11.5604226048568	13.6772766682291	10.3846295495343	15.6713468788754	15.9230135313926	11.4076614487356	15.1582847656313	9.00806612664488	12.0372493496193
"Tumor"	12.3338375731572	10.4097680786393	14.7928571829807	14.8017795615971	15.9624947252861	17.090955773297	18.9679939994174	17.2841764541952	13.1565129436501	11.8856374122111	13.8896679464269	11.3524675344319	12.6901020308714	10.2885588733954	16.5492691095366	13.0572720332203	16.849213181194	16.7362228455779	13.5591670505402	16.012011134948	9.64865835304861	13.4022569242477
"Tumor"	13.6865479800352	10.7675081308926	15.0628479094469	14.5833392691478	16.3100827973237	16.3855750751185	18.5105718351797	17.1925967902767	14.060382006728	12.3145789271459	14.3256054149812	12.057718248911	13.0770853339054	10.6601768068249	15.9432074706155	14.121424396021	16.6363917144855	17.5424741536036	15.8881551308324	15.4787795660369	9.16772096132263	14.5035634639339
"Tumor"	11.6769913184005	9.67914887167511	13.7609162354319	14.8467820109691	16.4549890320271	15.2739039629641	18.65262301968	17.9708571817785	13.2347130982012	11.5589485136062	13.8073484433523	11.0509389118559	12.9406525367155	10.9618721862324	15.3943130233154	12.3070778378016	16.1614650902805	17.0553829739841	11.8228266166792	16.1899899379095	9.33081096776686	12.8106185772881
"Tumor"	12.9900808408471	12.305386746063	13.5852455480999	16.3424141268527	15.8602544133531	15.4933467125161	18.590886763082	17.458419664332	13.4774908178187	12.9208496499801	13.5051946395582	13.3491387370962	14.0618512084451	9.90056290632601	15.0590017122876	12.3009453014205	16.8222442623555	17.0023875877739	12.4941659838543	13.8111964077279	10.0859185160039	13.4896492754751
"Tumor"	14.3445427230336	14.0162420273901	12.9185874076619	14.7210135240559	16.8440582646467	13.7764345819268	18.2360732687045	17.8435395046163	11.7060831622209	15.1034037449935	14.2072772526612	12.6387813067836	14.5555764206831	9.7639222635617	14.9846250703125	11.5587593955209	17.0046900000464	15.9161704474995	15.2395412729383	14.7069806685498	9.90913473636386	12.2945311786304
"Tumor"	11.8000968613786	11.7655533227267	13.4261815354775	15.9221261111721	15.9715648195797	14.7505306230884	18.4927309946717	16.9369839644914	12.5999243903055	11.9118122035871	12.8462903017707	12.5560650513188	14.291372041725	10.8518695056544	14.0676681781326	12.4810256668014	15.6842705927047	16.0479287248527	13.8043770428044	14.6291461938214	8.47624383049086	12.8533254351766
"Tumor"	14.9641711223161	13.1074772361538	16.3973432801982	13.2840776315203	17.0720944195338	16.3236099335314	18.98941315849	17.6008346651682	13.0299242611559	12.8950404507274	14.8227843257994	11.9037231660235	12.9984218767779	10.5312092959282	15.5336598607255	13.8800123211705	16.8005581528736	16.7639457419588	16.1999518737092	15.5601490973629	10.9019589958608	13.6816286222205
"Tumor"	12.1087541118904	12.0318913111327	14.967647730339	14.861234594436	16.5147514671994	15.8375526538045	18.9835595554643	17.7426853196253	13.1511483013097	12.4754032545728	13.6823256698154	12.2426472377204	12.7912474249961	4.53063621066314	15.7067404568724	12.9626369682755	17.0316066878469	17.2080331054998	14.4013272904382	16.9407657625278	9.42641557238226	13.1230558452376
"Tumor"	14.6927510591777	13.6126540422594	11.777366054426	15.169158784362	15.8695714213286	13.4886390589894	16.6060146218472	17.0189267183473	10.5800371866853	13.9419971909147	13.4331222774556	10.3900150034993	14.68280165348	11.0729861291062	11.6106363280683	12.1868654385861	16.7194269921021	13.2070370382867	14.2314600090824	12.4057192814625	9.50794242574081	11.1131941532514
"Tumor"	12.9451606823474	10.2352141126739	14.8613334855689	14.485823395004	15.6847120786166	16.855765305722	19.7365751829054	18.0053306615291	14.190831999338	11.2522700215888	14.2526231794519	12.5019894105494	13.4971267839487	11.4856187074653	15.0045275837027	13.1964350762838	17.0857420762652	17.8337683078609	13.6819652488375	16.7732112203124	10.0420267053777	13.3874922898215
"Tumor"	11.9007639287109	9.77373248163936	14.0117022620726	14.8517922564446	16.011210947442	16.6466640799906	18.9942986467122	17.3350202511191	13.493837276334	10.9738392630632	13.9154643673344	11.595615380381	12.4706297171754	10.1049476237527	15.4130472109738	12.2157241094068	16.6997881422882	16.5094783436041	11.5611623547418	15.3664613069106	8.59798216621454	13.6267583313106
"Tumor"	11.3999572400514	11.5505385045123	13.053960135371	15.9836027228024	16.7027742953054	14.0648772363499	18.8338116747097	17.6061076079969	12.3825125080334	12.6815291909557	12.7734748748774	13.3811954277571	13.2949161304172	9.90069151756395	14.4973355511216	11.7974492991643	16.9587001675194	16.25882173045	12.0093183601683	15.9732130708551	10.5292587096641	13.1297501988768
"Tumor"	11.7695485860902	11.8170422572135	14.3450995116218	15.8573519884507	16.5939701610327	15.7410583752315	19.173369848637	18.0142178332882	12.0036143086605	13.0494783304433	12.977786090993	10.681018568064	12.6270179815227	8.90339599881928	13.8081680353185	12.4925813672583	16.8057410706145	15.746280746232	14.2210632007361	15.7156872499634	10.5788383821079	13.5848697163681
"Tumor"	13.0475243328171	11.1624562452312	12.6298067193428	15.5308290603826	16.3970092048221	14.6009685772266	18.7715719134055	17.2951770558906	13.6204706998432	12.2843224891319	12.5981326975345	11.96214885138	12.5246177036745	7.52935366727521	14.3705302415989	12.1846073551192	16.2334252422184	16.234678223469	12.4689980282558	15.2716546430198	8.99540411480396	12.8679250677718
"Tumor"	15.5389806563336	13.3877025925051	15.248237561706	16.8974490668622	16.8469077706678	16.5056931548801	18.56207653178	18.491202041113	14.8112940592049	12.9062406916142	13.7631559535549	10.8199761045242	12.8431862223791	8.61995111674339	13.2133511894477	12.8853850219302	18.0323867552814	14.9887412866019	14.5336054029839	11.8522883702961	9.82286089602162	12.8986034853877
"Tumor"	15.9312423285641	14.4747568756257	13.502683204012	15.324639991874	18.0634777748485	17.2387138391352	19.230975423384	18.1065463259036	11.9710154051313	12.7823636248988	14.2341973031174	10.6999150975309	13.1094427267441	10.3171537094967	15.3803028424156	13.2778555076383	17.6670024432676	16.0155068861082	14.9082246958011	14.7159567037768	9.22864431276412	14.380159644434
"Tumor"	14.5269377656824	12.436676809913	13.7502682097451	15.8088363543024	17.3829077345977	15.0304123303373	19.478257291821	18.3099498431295	13.7610398364469	12.619634392941	14.3621571358424	11.849185673758	12.5879005131049	10.9193818113057	15.7547739831924	13.7518619737258	17.1758474796954	17.1611131216378	16.8485932497766	16.4313654860207	10.8026029478839	14.891525795832
"Tumor"	12.5296278601925	12.1208908216411	13.3828869394333	15.7143681442571	17.4448527169702	14.7822150800977	18.8820573724445	17.787588894209	13.5988458251502	12.9689119537151	13.7043084587489	10.99161561833	14.2005381783869	5.04213816851816	15.2001137104585	12.8781341579564	17.1654628877466	16.6469862348389	14.8614757243249	15.5021714966194	10.0417636075125	13.6890334374029
"Tumor"	12.1318275096486	13.7006675067303	12.335711113552	16.6517775694969	16.073209695811	14.7836452052511	18.0377563591498	17.3884624615068	12.5210121630561	13.1965927528318	12.0606485875406	9.90089678957541	13.0891737983452	NA	12.662799271124	11.5818349727248	16.5359134552715	13.9295677606676	12.6034309192426	11.8015580894952	8.92525386328999	12.8765104345682
